missionsfile version 1
 3
mst_conquest conquest 2  -1
Make_your_life! 

64 0 4112 0 16 1 0  
1 4112 0 16 1 0  
2 4112 0 16 1 0  
3 4112 0 16 1 0  
4 4112 0 16 1 0  
5 4112 0 16 1 0  
6 4112 0 16 1 0  
7 4112 0 16 1 0  
8 4112 0 16 1 0  
9 4112 0 16 1 0  
10 4112 0 16 1 0  
11 4112 0 16 1 0  
12 4112 0 16 1 0  
13 4112 0 16 1 0  
14 4112 0 16 1 0  
15 4112 0 16 1 0  
16 4112 0 16 1 0  
17 4112 0 16 1 0  
18 4112 0 16 1 0  
19 4112 0 16 1 0  
20 4112 0 16 1 0  
21 4112 0 16 1 0  
22 4112 0 16 1 0  
23 4112 0 16 1 0  
24 4112 0 16 1 0  
25 4112 0 16 1 0  
26 4112 0 16 1 0  
27 4112 0 16 1 0  
28 4112 0 16 1 0  
29 4112 0 16 1 0  
30 4112 0 16 1 0  
31 4112 0 16 1 0  
32 8208 0 16 1 0  
33 8208 0 16 1 0  
34 8208 0 16 1 0  
35 8208 0 16 1 0  
36 8208 0 16 1 0  
37 8208 0 16 1 0  
38 8208 0 16 1 0  
39 8208 0 16 1 0  
40 8208 0 16 1 0  
41 8208 0 16 1 0  
42 8208 0 16 1 0  
43 8208 0 16 1 0  
44 8208 0 16 1 0  
45 8208 0 16 1 0  
46 8208 0 16 1 0  
47 8208 0 16 1 0  
48 8208 0 16 1 0  
49 8208 0 16 1 0  
50 8208 0 16 1 0  
51 8208 0 16 1 0  
52 8208 0 16 1 0  
53 8208 0 16 1 0  
54 8208 0 16 1 0  
55 8208 0 16 1 0  
56 8208 0 16 1 0  
57 8208 0 16 1 0  
58 8208 0 16 1 0  
59 8208 0 16 1 0  
60 8208 0 16 1 0  
61 8208 0 16 1 0  
62 8208 0 16 1 0  
63 8208 0 16 1 0  
13
1.000000 5.000000 0.000000  8 417 0 31 2 144115188075856365 1 31 2 144115188075856800 0 2370 1 1224979098644774912 2120 3 1224979098644774913 144115188075856803 144115188075856802 1073741855 2 1224979098644774913 144115188075856801 32 2 1224979098644774912 144115188075856808 1 1 936748722493063204  8 2133 2 144115188075856365 0 4 0 1073741855 2 144115188075856804 0 31 2 144115188075856804 3 1 1 936748722493063211 470 3 72057594037927936 144115188075856805 1 1 1 936748722493063169 3 0 
-25.000000 0.000000 0.000000  0  2 2071 1 1224979098644774912 1 2 936748722493063183 1224979098644774912 
-15.000000 0.000000 0.000000  0  2 2071 1 1224979098644774912 1 2 936748722493063184 1224979098644774912 
-19.000000 0.000000 0.000000  0  5 2133 2 144115188075856367 0 1 1 936748722493063185 420 0 1 1 936748722493063221 1 1 936748722493063220 
-20.000000 0.000000 0.000000  0  5 426 2 0 -1 426 2 1 -1 1 1 936748722493063174 1 1 936748722493063188 2133 2 144115188075856366 1 
-16.000000 0.000000 0.000000  0  29 4 0 415 1 1224979098644774912 33 3 1224979098644774912 0 1000 402 2 1224979098644774913 1224979098644774912 2147483678 2 1224979098644774913 2 433 2 1224979098644774914 1224979098644774912 435 2 1224979098644774915 1224979098644774912 2122 3 1224979098644774916 1224979098644774914 1000 2106 2 1224979098644774916 1224979098644774915 2133 2 1224979098644774917 1 400 1 1224979098644774918 2133 2 1224979098644774919 1224979098644774918 6 3 1224979098644774920 0 1224979098644774919 401 1 1224979098644774920 402 2 1224979098644774921 1224979098644774920 1073741855 2 1224979098644774921 0 31 2 1224979098644774921 1 433 2 1224979098644774914 1224979098644774920 435 2 1224979098644774915 1224979098644774920 2122 3 1224979098644774922 1224979098644774914 1000 2106 2 1224979098644774922 1224979098644774915 32 2 1224979098644774922 1224979098644774916 2133 2 1224979098644774917 0 2133 2 1224979098644774919 0 3 0 31 2 1224979098644774917 1 372 1 68 3 0 1 1 936748722493063222 
-26.000000 0.000000 0.000000  0  3 2071 1 1224979098644774912 2072 1 1224979098644774913 1 3 936748722493063186 1224979098644774912 1224979098644774913 
1.000000 0.000000 0.000000  0  39 417 0 400 1 1224979098644774912 6 3 1224979098644774913 0 1224979098644774912 401 1 1224979098644774913 2147484086 1 1224979098644774913 402 2 1224979098644774914 1224979098644774913 2147483678 2 1224979098644774914 2 404 2 1224979098644774915 1224979098644774913 30 2 1224979098644774915 0 406 2 1224979098644774916 1224979098644774913 2133 2 1224979098644774917 0 4 0 528 3 1224979098644774918 1224979098644774913 24 31 2 1224979098644774918 1 2133 2 1224979098644774917 1 508 3 1224979098644774913 24 0 5 0 4 0 2147483678 2 1224979098644774916 0 2133 2 1224979098644774917 1 5 0 2147485350 1 1224979098644774916 1760 2 1224979098644774919 1224979098644774916 32 2 1224979098644774919 144115188075856760 2133 2 1224979098644774917 1 3 0 3 0 31 2 1224979098644774917 1 1 2 936748722493063239 1224979098644774913 1541 3 1224979098644774920 1224979098644774915 8 4 0 30 2 1224979098644774920 0 2133 2 1224979098644774921 1 5 0 2133 2 1224979098644774921 0 3 0 1 4 936748722493063237 1224979098644774914 0 1224979098644774921 409 2 1224979098644774913 72057594037927936 3 0 
1.000000 0.000000 0.000000  0  31 417 0 2370 1 1224979098644774912 30 2 1224979098644774912 2 2133 2 1224979098644774913 0 2133 2 1224979098644774914 0 12 1 1224979098644774915 1707 1 1224979098644774915 1704 1 1224979098644774915 2133 2 1224979098644774916 0 4 0 1702 1 1224979098644774915 2133 2 1224979098644774916 1 5 0 1760 2 1224979098644774917 1224979098644774915 2147483680 2 1224979098644774917 144115188075856760 2133 2 1224979098644774916 1 3 0 31 2 1224979098644774916 1 1770 2 1224979098644774918 1224979098644774915 4 0 31 2 1224979098644774918 0 2105 2 1224979098644774913 1 5 0 31 2 1224979098644774918 1 2105 2 1224979098644774914 1 3 0 3 0 2121 3 144115188075856369 144115188075856770 1224979098644774913 2121 3 144115188075856370 144115188075856771 1224979098644774914 2111 2 144115188075856369 0 2111 2 144115188075856370 0 
0.000000 0.000000 0.000000  0  45 417 0 31 2 144115188075856366 1 2120 3 1224979098644774912 144115188075856369 144115188075856370 4 0 32 2 1224979098644774912 0 2136 3 1224979098644774913 0 1224979098644774912 2106 2 1224979098644774913 144115188075856369 4 0 2147483678 2 1224979098644774913 0 2133 2 1224979098644774914 0 2106 2 144115188075856369 1 5 0 2133 2 1224979098644774914 1 2106 2 144115188075856370 1 3 0 458 2 1224979098644774915 1224979098644774914 2133 2 1224979098644774916 0 6 3 1224979098644774917 360287970189639684 360287970189639701 2173 2 1224979098644774918 1224979098644774917 31 2 1224979098644774918 1224979098644774915 2105 2 1224979098644774916 1 3 0 2136 3 1224979098644774919 0 1224979098644774916 2133 2 1224979098644774920 360287970189639701 6 3 1224979098644774917 360287970189639684 1224979098644774920 2173 2 1224979098644774918 1224979098644774917 31 2 1224979098644774918 1224979098644774915 2106 2 1224979098644774919 1 2147483678 2 1224979098644774919 0 2133 2 1224979098644774920 0 2133 2 1224979098644774921 1224979098644774917 3 0 1541 3 1224979098644774922 1224979098644774921 8 4 0 30 2 1224979098644774922 0 2133 2 1224979098644774923 1 5 0 2133 2 1224979098644774923 0 3 0 1 4 936748722493063237 1224979098644774914 0 1224979098644774923 2211 1 1224979098644774924 1261 1 1224979098644774924 1265 5 72057594037927936 1224979098644774921 1 1224979098644774914 -1 2133 2 144115188075856366 0 3 0 
1.000000 0.000000 0.000000  0  14 417 0 2133 2 1224979098644774912 0 4 0 2370 1 1224979098644774913 2122 3 1224979098644774914 144115188075856762 60 32 2 1224979098644774913 1224979098644774914 2133 2 1224979098644774912 1 3 0 4 0 31 2 1224979098644774912 1 1 1 936748722493063211 470 3 72057594037927936 144115188075856466 0 1 1 936748722493063169 3 0 
0.000000 0.000000 100000000.000000  0  1 900 1 1513209474796486658 
-23.000000 0.000000 0.000000  0  3 2147484551 1 1513209474796486670 31 2 144115188075856383 0 900 1 1513209474796486670 


mst_test_scene_1 test_scene_1 65538  -1
test_scene_1 

2 0 4112 0 16 1 2  509 139 
1 8208 0 16 1 2  509 139 
4
0.000000 0.000000 0.000000  1 71 1 36  1 1265 5 0 360287970189639702 50 4096 0 
0.000000 0.000000 0.000000  1 71 1 37  1 1265 5 1 360287970189639702 50 8192 0 
-21.000000 0.000000 0.000000  0  1 1907 1 0 
0.100000 0.000000 0.000000  0  80 12 1 1224979098644774912 1704 1 1224979098644774912 1702 1 1224979098644774912 1726 2 1224979098644774913 1224979098644774912 32 2 1224979098644774913 0 1763 2 1224979098644774914 1224979098644774912 4 0 31 2 1224979098644774914 1 1570 2 1224979098644774915 1224979098644774913 31 2 1224979098644774915 17 525 3 1224979098644774916 1224979098644774912 26 4 0 2147483680 2 1224979098644774916 0 527 3 1224979098644774916 1224979098644774913 80 2111 2 1224979098644774916 1 2123 3 1224979098644774916 200 1224979098644774916 505 3 1224979098644774912 26 1224979098644774916 1977 2 1224979098644774917 1224979098644774912 32 2 1224979098644774917 0 2133 2 1224979098644774918 -1 2133 2 1224979098644774919 4 6 3 1224979098644774920 0 1224979098644774919 1804 3 1224979098644774921 1224979098644774912 1224979098644774920 30 2 1224979098644774918 0 1570 2 1224979098644774915 1224979098644774921 31 2 1224979098644774915 18 2133 2 1224979098644774918 1224979098644774921 2133 2 1224979098644774919 0 3 0 4 0 2147483678 2 1224979098644774918 0 2133 2 1224979098644774918 288230376151711883 3 0 1709 2 24 1224979098644774912 527 3 1224979098644774922 1224979098644774913 79 721 2 24 1224979098644774922 1714 2 1224979098644774923 1224979098644774912 1768 3 1224979098644774924 1224979098644774912 0 4 0 1073741855 2 1224979098644774924 1801439850948198522 31 2 1224979098644774924 1801439850948198523 722 3 24 115 1 5 0 2147483678 2 1224979098644774923 0 722 3 24 170 1 5 0 722 3 24 270 1 3 0 700 2 25 24 527 3 1224979098644774925 1224979098644774913 78 2111 2 1224979098644774925 1 2123 3 1224979098644774926 500 1224979098644774925 2136 3 1224979098644774927 0 1224979098644774926 2136 3 1224979098644774928 0 1224979098644774926 725 2 25 1224979098644774927 723 2 25 1224979098644774928 1740 3 1224979098644774912 1801439850948198598 1 527 3 1224979098644774929 1224979098644774913 63 599 2 1224979098644774929 24 1969 3 1008806316530991164 24 10 1969 3 1008806316530991166 24 20 527 3 1224979098644774930 1224979098644774913 81 2124 1 1 1829 7 1224979098644774912 25 1224979098644774930 1224979098644774913 0 1224979098644774918 0 2106 2 1224979098644774917 1 1776 3 1224979098644774912 1224979098644774913 1224979098644774917 5 0 2106 2 1224979098644774916 1 505 3 1224979098644774912 26 1224979098644774916 3 0 5 0 1764 2 1224979098644774931 1224979098644774912 1073741856 2 1224979098644774931 0 32 2 1224979098644774914 1 527 3 1224979098644774916 1224979098644774913 80 2111 2 1224979098644774916 1 2123 3 1224979098644774916 800 1224979098644774916 505 3 1224979098644774912 26 1224979098644774916 3 0 3 0 


mst_test_scene_2 test_scene_2 65538  -1
test_scene_2 

2 0 4112 0 16 1 2  509 139 
1 8208 0 16 1 2  509 139 
7
0.000000 0.000000 0.000000  1 71 1 36  1 1265 5 0 360287970189639702 50 4096 0 
0.000000 0.000000 0.000000  1 71 1 37  1 1265 5 1 360287970189639702 50 8192 0 
0.000000 0.000000 0.000000  1 71 1 48  9 1700 1 1224979098644774912 1710 2 0 1224979098644774912 701 1 1 719 2 1 0 726 2 1224979098644774913 1 727 2 1224979098644774914 1 728 2 1224979098644774915 1 2105 2 1224979098644774915 200 1 7 936748722493063253 1224979098644774912 288230376151712255 288230376151712255 1224979098644774913 1224979098644774914 1224979098644774915 
-21.000000 0.000000 0.000000  0  1 1907 1 0 
0.100000 0.000000 0.000000  0  80 12 1 1224979098644774912 1704 1 1224979098644774912 1702 1 1224979098644774912 1726 2 1224979098644774913 1224979098644774912 32 2 1224979098644774913 0 1763 2 1224979098644774914 1224979098644774912 4 0 31 2 1224979098644774914 1 1570 2 1224979098644774915 1224979098644774913 31 2 1224979098644774915 17 525 3 1224979098644774916 1224979098644774912 26 4 0 2147483680 2 1224979098644774916 0 527 3 1224979098644774916 1224979098644774913 80 2111 2 1224979098644774916 1 2123 3 1224979098644774916 200 1224979098644774916 505 3 1224979098644774912 26 1224979098644774916 1977 2 1224979098644774917 1224979098644774912 32 2 1224979098644774917 0 2133 2 1224979098644774918 -1 2133 2 1224979098644774919 4 6 3 1224979098644774920 0 1224979098644774919 1804 3 1224979098644774921 1224979098644774912 1224979098644774920 30 2 1224979098644774918 0 1570 2 1224979098644774915 1224979098644774921 31 2 1224979098644774915 18 2133 2 1224979098644774918 1224979098644774921 2133 2 1224979098644774919 0 3 0 4 0 2147483678 2 1224979098644774918 0 2133 2 1224979098644774918 288230376151711883 3 0 1709 2 24 1224979098644774912 527 3 1224979098644774922 1224979098644774913 79 721 2 24 1224979098644774922 1714 2 1224979098644774923 1224979098644774912 1768 3 1224979098644774924 1224979098644774912 0 4 0 1073741855 2 1224979098644774924 1801439850948198522 31 2 1224979098644774924 1801439850948198523 722 3 24 115 1 5 0 2147483678 2 1224979098644774923 0 722 3 24 170 1 5 0 722 3 24 270 1 3 0 700 2 25 24 527 3 1224979098644774925 1224979098644774913 78 2111 2 1224979098644774925 1 2123 3 1224979098644774926 500 1224979098644774925 2136 3 1224979098644774927 0 1224979098644774926 2136 3 1224979098644774928 0 1224979098644774926 725 2 25 1224979098644774927 723 2 25 1224979098644774928 1740 3 1224979098644774912 1801439850948198598 1 527 3 1224979098644774929 1224979098644774913 63 599 2 1224979098644774929 24 1969 3 1008806316530991164 24 10 1969 3 1008806316530991166 24 20 527 3 1224979098644774930 1224979098644774913 81 2124 1 1 1829 7 1224979098644774912 25 1224979098644774930 1224979098644774913 0 1224979098644774918 0 2106 2 1224979098644774917 1 1776 3 1224979098644774912 1224979098644774913 1224979098644774917 5 0 2106 2 1224979098644774916 1 505 3 1224979098644774912 26 1224979098644774916 3 0 5 0 1764 2 1224979098644774931 1224979098644774912 1073741856 2 1224979098644774931 0 32 2 1224979098644774914 1 527 3 1224979098644774916 1224979098644774913 80 2111 2 1224979098644774916 1 2123 3 1224979098644774916 800 1224979098644774916 505 3 1224979098644774912 26 1224979098644774916 3 0 3 0 
-19.000000 0.000000 0.000000  0  2 1 1 936748722493063264 1 1 936748722493063267 
1.000000 0.000000 0.000000  0  6 2105 2 144115188075857076 1 4 0 30 2 144115188075857076 256 2109 2 144115188075857076 256 3 0 1 2 936748722493063266 144115188075857076 


