32
tab_game_character_sheet 0 tableau_with_transparency 1024 1024 0 0 266 532 0 
tab_game_inventory_window 0 tableau_with_transparency 1024 1024 0 0 180 270 0 
tab_game_profile_window 0 tableau_with_transparency 1024 1024 0 0 320 480 21 23 2 1224979098644774912 1 2133 2 1224979098644774913 1224979098644774912 2109 2 1224979098644774913 2 4 0 31 2 1224979098644774913 0 2133 2 1224979098644774914 360287970189639681 5 0 2133 2 1224979098644774914 360287970189639682 3 0 1503 1 1224979098644774914 1985 1 4287137928 1987 3 10 11 15 2124 1 100 1989 5 0 40 40 0 100000 701 1 1 731 2 1 100 729 2 1 -20 730 2 1 -20 1980 5 1729382256910270490 1224979098644774914 1 0 0 731 2 1 200 1980 5 1729382256910270489 1224979098644774914 1 0 0 
tab_game_party_window 0 tableau_with_transparency 1024 1024 0 0 300 300 0 
tab_game_troop_label_banner 0 tableau_with_transparency 256 256 -128 0 128 256 7 23 2 1224979098644774912 1 1985 1 4287137928 2124 1 100 1989 5 0 100 100 0 100000 701 1 1 730 2 1 120 1992 4 1224979098644774912 1 120 0 
tab_round_shield_1 0 sample_shield_round_1 512 256 0 0 0 0 10 23 2 1224979098644774912 1 2124 1 100 701 1 1 729 2 1 -50 730 2 1 125 1992 4 1224979098644774912 1 120 0 701 1 1 731 2 1 10 1992 4 1441151880758558860 1 0 0 1989 5 0 200 100 0 100000 
tab_round_shield_2 0 sample_shield_matte 512 256 0 0 0 0 10 23 2 1224979098644774912 1 2124 1 100 701 1 1 729 2 1 -50 730 2 1 120 1992 4 1224979098644774912 1 116 0 701 1 1 731 2 1 10 1992 4 1441151880758558861 1 0 0 1989 5 0 200 100 0 100000 
tab_round_shield_3 0 sample_shield_matte 512 256 0 0 0 0 10 23 2 1224979098644774912 1 2124 1 100 701 1 1 729 2 1 -50 730 2 1 120 1992 4 1224979098644774912 1 116 0 701 1 1 731 2 1 10 1992 4 1441151880758558862 1 0 0 1989 5 0 200 100 0 100000 
tab_round_shield_4 0 sample_shield_matte 512 256 0 0 0 0 10 23 2 1224979098644774912 1 2124 1 100 701 1 1 729 2 1 -50 730 2 1 125 1992 4 1224979098644774912 1 123 0 701 1 1 731 2 1 10 1992 4 1441151880758558863 1 0 0 1989 5 0 200 100 0 100000 
tab_round_shield_5 0 sample_shield_matte 512 256 0 0 0 0 10 23 2 1224979098644774912 1 2124 1 100 701 1 1 729 2 1 -50 730 2 1 125 1992 4 1224979098644774912 1 122 0 701 1 1 731 2 1 10 1992 4 1441151880758558864 1 0 0 1989 5 0 200 100 0 100000 
tab_small_round_shield_1 0 sample_shield_small_round_1 512 256 0 0 0 0 10 23 2 1224979098644774912 1 2124 1 100 701 1 1 729 2 1 -50 730 2 1 130 1992 4 1224979098644774912 1 127 0 701 1 1 731 2 1 10 1992 4 1441151880758558865 1 0 0 1989 5 0 200 100 0 100000 
tab_small_round_shield_2 0 sample_shield_small_round_2 512 256 0 0 0 0 10 23 2 1224979098644774912 1 2124 1 100 701 1 1 729 2 1 -50 730 2 1 130 1992 4 1224979098644774912 1 127 0 701 1 1 731 2 1 10 1992 4 1441151880758558866 1 0 0 1989 5 0 200 100 0 100000 
tab_small_round_shield_3 0 sample_shield_matte 512 256 0 0 0 0 10 23 2 1224979098644774912 1 2124 1 100 701 1 1 729 2 1 -50 730 2 1 130 1992 4 1224979098644774912 1 127 0 701 1 1 731 2 1 10 1992 4 1441151880758558867 1 0 0 1989 5 0 200 100 0 100000 
tab_kite_shield_1 0 sample_shield_matte 512 512 0 0 0 0 10 23 2 1224979098644774912 1 2124 1 100 701 1 1 729 2 1 -60 730 2 1 140 1992 4 1224979098644774912 1 116 0 701 1 1 731 2 1 10 1992 4 1441151880758558868 1 0 0 1989 5 0 200 200 0 100000 
tab_kite_shield_2 0 sample_shield_matte 512 512 0 0 0 0 10 23 2 1224979098644774912 1 2124 1 100 701 1 1 729 2 1 -57 730 2 1 140 1992 4 1224979098644774912 1 116 0 701 1 1 731 2 1 10 1992 4 1441151880758558869 1 0 0 1989 5 0 200 200 0 100000 
tab_kite_shield_3 0 sample_shield_matte 512 512 0 0 0 0 10 23 2 1224979098644774912 1 2124 1 100 701 1 1 729 2 1 -57 730 2 1 140 1992 4 1224979098644774912 1 116 0 701 1 1 731 2 1 10 1992 4 1441151880758558870 1 0 0 1989 5 0 200 200 0 100000 
tab_kite_shield_4 0 sample_shield_matte 512 512 0 0 0 0 10 23 2 1224979098644774912 1 2124 1 100 701 1 1 729 2 1 -50 730 2 1 160 1992 4 1224979098644774912 1 120 0 701 1 1 731 2 1 10 1992 4 1441151880758558871 1 0 0 1989 5 0 200 200 0 100000 
tab_heater_shield_1 0 sample_shield_matte 512 512 0 0 0 0 10 23 2 1224979098644774912 1 2124 1 100 701 1 1 729 2 1 -60 730 2 1 151 1992 4 1224979098644774912 1 116 0 701 1 1 731 2 1 10 1992 4 1441151880758558872 1 0 0 1989 5 0 200 200 0 100000 
tab_heater_shield_2 0 sample_shield_matte 512 512 0 0 0 0 10 23 2 1224979098644774912 1 2124 1 100 701 1 1 729 2 1 -50 730 2 1 150 1992 4 1224979098644774912 1 116 0 701 1 1 731 2 1 10 1992 4 1441151880758558873 1 0 0 1989 5 0 200 200 0 100000 
tab_pavise_shield_1 0 sample_shield_matte 512 512 0 0 0 0 10 23 2 1224979098644774912 1 2124 1 100 701 1 1 729 2 1 -54 730 2 1 120 1992 4 1224979098644774912 1 118 0 701 1 1 731 2 1 10 1992 4 1441151880758558874 1 0 0 1989 5 0 200 200 0 100000 
tab_pavise_shield_2 0 sample_shield_matte 512 512 0 0 0 0 10 23 2 1224979098644774912 1 2124 1 100 701 1 1 729 2 1 -54 730 2 1 120 1992 4 1224979098644774912 1 116 0 701 1 1 731 2 1 10 1992 4 1441151880758558875 1 0 0 1989 5 0 200 200 0 100000 
tab_heraldic_armor_a 0 sample_heraldic_armor_a 512 512 0 0 0 0 16 23 2 1224979098644774912 1 2124 1 100 2121 3 1224979098644774913 1224979098644774912 1441151880758559024 520 3 1224979098644774914 360287970189639711 1224979098644774913 1985 1 1224979098644774914 701 1 1 1993 5 1441151880758558876 1 200 100 1224979098644774914 701 1 1 731 2 1 50 729 2 1 -25 730 2 1 130 1992 4 1224979098644774912 1 103 0 701 1 1 731 2 1 100 1992 4 1441151880758558877 1 0 0 1989 5 0 200 200 0 100000 
tab_heraldic_armor_b 0 sample_heraldic_armor_b 512 512 0 0 0 0 16 23 2 1224979098644774912 1 2124 1 100 2121 3 1224979098644774913 1224979098644774912 1441151880758559024 520 3 1224979098644774914 360287970189639711 1224979098644774913 1985 1 1224979098644774914 701 1 1 1993 5 1441151880758558876 1 200 100 1224979098644774914 701 1 1 731 2 1 10 729 2 1 -5 730 2 1 130 1992 4 1224979098644774912 1 113 0 701 1 1 731 2 1 100 1992 4 1441151880758558878 1 0 0 1989 5 0 200 200 0 100000 
tab_heraldic_armor_c 0 sample_heraldic_armor_c 512 512 0 0 0 0 16 23 2 1224979098644774912 1 2124 1 100 2121 3 1224979098644774913 1224979098644774912 1441151880758559024 520 3 1224979098644774914 360287970189639711 1224979098644774913 1985 1 1224979098644774914 701 1 1 1993 5 1441151880758558876 1 200 100 1224979098644774914 701 1 1 731 2 1 10 729 2 1 0 730 2 1 130 1992 4 1224979098644774912 1 115 0 701 1 1 731 2 1 100 1992 4 1441151880758558879 1 0 0 1989 5 0 200 200 0 100000 
tab_heraldic_armor_d 0 sample_heraldic_armor_d 512 512 0 0 0 0 16 23 2 1224979098644774912 1 2124 1 100 2121 3 1224979098644774913 1224979098644774912 1441151880758559024 520 3 1224979098644774914 360287970189639711 1224979098644774913 1985 1 1224979098644774914 701 1 1 1993 5 1441151880758558876 1 200 100 1224979098644774914 701 1 1 731 2 1 10 729 2 1 0 730 2 1 130 1992 4 1224979098644774912 1 113 0 701 1 1 731 2 1 100 1992 4 1441151880758558880 1 0 0 1989 5 0 200 200 0 100000 
tab_troop_profile_alpha_mask 0 mat_troop_portrait_mask 1024 1024 0 0 400 400 5 23 2 1224979098644774912 1 1985 1 8947848 1987 3 10 11 15 1984 0 1 2 936748722493063249 1224979098644774912 
tab_troop_profile_color 0 mat_troop_portrait_color 1024 1024 0 0 400 400 4 23 2 1224979098644774912 1 1985 1 4294567848 1987 3 10 11 15 1 2 936748722493063249 1224979098644774912 
tab_custom_banner_square_no_mesh 0 missiles 512 512 0 0 300 300 4 23 2 1224979098644774912 1 2124 1 100 1 11 936748722493063248 1224979098644774912 0 0 10000 10000 9800 9800 10000 10000 0 1989 5 0 100 100 0 100000 
tab_custom_banner_default 0 missiles 512 256 0 0 0 0 7 23 2 1224979098644774912 1 2124 1 100 1 11 936748722493063248 1224979098644774912 -9 -2 7450 19400 7200 18000 9000 10000 0 701 1 1 731 2 1 10 1992 4 1441151880758558856 1 0 0 1989 5 0 100 200 0 100000 
tab_custom_banner_tall 0 missiles 512 256 0 0 0 0 7 23 2 1224979098644774912 1 2124 1 100 1 11 936748722493063248 1224979098644774912 -9 12 8250 18000 8000 21000 10000 10000 0 701 1 1 731 2 1 10 1992 4 1441151880758558856 1 0 0 1989 5 0 100 200 0 100000 
tab_custom_banner_square 0 missiles 256 256 0 0 0 0 7 23 2 1224979098644774912 1 2124 1 100 1 11 936748722493063248 1224979098644774912 -11 10 7700 7700 7500 7500 8300 10000 0 701 1 1 731 2 1 10 1992 4 1441151880758558857 1 0 0 1989 5 0 100 100 0 100000 
tab_custom_banner_short 0 missiles 256 512 0 0 0 0 7 23 2 1224979098644774912 1 2124 1 100 1 11 936748722493063248 1224979098644774912 -10 0 8050 5000 4200 4800 6600 10000 0 701 1 1 731 2 1 10 1992 4 1441151880758558859 1 0 0 1989 5 0 100 50 0 100000 
